{
 "cells": [
  {
   "cell_type": "markdown",
   "id": "30e11cf2-e86d-43f2-b77c-4d83e49533c2",
   "metadata": {
    "tags": []
   },
   "source": [
    "### Grayscale Image"
   ]
  },
  {
   "cell_type": "code",
   "execution_count": 1,
   "id": "fd741dfa-5fba-42fa-ad90-8ba721169f44",
   "metadata": {},
   "outputs": [],
   "source": [
    "kernel = [\n",
    "  [1/9, 1/9, 1/9],\n",
    "  [1/9, 1/9, 1/9],\n",
    "  [1/9, 1/9, 1/9]]\n",
    "  \n",
    "img = [\n",
    "    [0,0,0,0,0,0,0,0,0,0,0,0,0,0,0,0,0],\n",
    "    [0,0,0,0,0,0,0,0,0,0,0,0,0,0,0,0,0],\n",
    "    [0,0,0,0,0,200,200,200,0,0,0,0,0,0,0,0,0],\n",
    "    [0,0,0,0,200,0,0,0,0,225,200,0,0,0,0,0,0],\n",
    "    [0,0,0,0,0,200,0,0,0,0,0,225,200,0,0,0,0],\n",
    "    [0,0,0,0,0,0,0,0,0,0,225,200,0,0,0,0,0],\n",
    "    [0,0,0,0,0,0,0,0,0,0,225,200,0,0,0,0,0],\n",
    "    [0,0,0,0,0,0,0,0,0,225,200,0,0,0,0,0,0],\n",
    "    [0,0,0,0,0,0,0,0,225,200,0,0,0,0,0,0,0],\n",
    "    [0,0,0,0,0,0,0,225,200,0,0,0,0,0,0,0,0],\n",
    "    [0,0,0,0,0,0,225,200,0,0,0,0,0,0,0,0,0],\n",
    "    [0,0,0,0,0,225,200,0,0,0,0,0,0,0,0,0,0],\n",
    "    [0,0,0,0,225,200,0,0,0,0,0,0,0,0,0,0,0],\n",
    "    [0,0,0,0,225,200,200,200,200,200,0,0,0,0,0,0,0],\n",
    "    [0,0,0,0,225,200,200,200,200,200,0,0,0,0,0,0,0],\n",
    "    [0,0,0,0,225,225,225,150,150,150,150,150,0,0,0,0,0],\n",
    "    [0,0,0,0,0,0,0,0,0,0,0,0,0,0,0,0,0]]"
   ]
  },
  {
   "cell_type": "code",
   "execution_count": 2,
   "id": "c29badaa-7328-4cfd-b5e0-20beb80df39d",
   "metadata": {},
   "outputs": [
    {
     "data": {
      "text/plain": [
       "[[0,0,0],[0,0,200],[0,200,0]]"
      ]
     },
     "metadata": {},
     "output_type": "display_data"
    }
   ],
   "source": [
    "get n img (x,y) = [drop x (take (n+x) row) | row <- drop y (take (n+y) img)]\n",
    "get 3 img (3,1)"
   ]
  },
  {
   "cell_type": "code",
   "execution_count": 3,
   "id": "9eca721a-3999-46d8-93ca-d37f04849a55",
   "metadata": {},
   "outputs": [
    {
     "data": {
      "text/plain": [
       "44.44444444444444"
      ]
     },
     "metadata": {},
     "output_type": "display_data"
    }
   ],
   "source": [
    "convolve kernel matrix = sum [sum [a*b | (a,b) <- zip x y] | (x,y) <- zip kernel matrix]\n",
    "convolve kernel (get 3 img (3,1))"
   ]
  },
  {
   "cell_type": "code",
   "execution_count": 4,
   "id": "3e84f58f-ee38-41c4-84fc-a46cbae0a8f5",
   "metadata": {},
   "outputs": [
    {
     "data": {
      "text/plain": [
       "[[0.0,0.0,0.0,22.22222222222222,44.44444444444444,66.66666666666666,44.44444444444444,22.22222222222222,0.0,0.0,0.0,0.0,0.0,0.0,0.0],[0.0,0.0,22.22222222222222,44.44444444444444,66.66666666666666,66.66666666666666,44.44444444444444,47.22222222222222,47.22222222222222,47.22222222222222,22.22222222222222,0.0,0.0,0.0,0.0],[0.0,0.0,22.22222222222222,66.66666666666666,88.88888888888889,88.88888888888889,44.44444444444444,47.22222222222222,47.22222222222222,72.22222222222223,69.44444444444444,47.22222222222222,22.22222222222222,0.0,0.0],[0.0,0.0,22.22222222222222,44.44444444444444,44.44444444444444,22.22222222222222,0.0,25.0,72.22222222222223,119.44444444444446,116.66666666666666,69.44444444444444,22.22222222222222,0.0,0.0],[0.0,0.0,0.0,22.22222222222222,22.22222222222222,22.22222222222222,0.0,0.0,50.0,119.44444444444446,141.66666666666666,91.66666666666666,22.22222222222222,0.0,0.0],[0.0,0.0,0.0,0.0,0.0,0.0,0.0,25.0,97.22222222222223,141.66666666666666,116.66666666666666,44.44444444444444,0.0,0.0,0.0],[0.0,0.0,0.0,0.0,0.0,0.0,25.0,72.22222222222223,119.44444444444446,116.66666666666666,69.44444444444444,22.22222222222222,0.0,0.0,0.0],[0.0,0.0,0.0,0.0,0.0,25.0,72.22222222222223,119.44444444444446,116.66666666666666,69.44444444444444,22.22222222222222,0.0,0.0,0.0,0.0],[0.0,0.0,0.0,0.0,25.0,72.22222222222223,119.44444444444446,116.66666666666666,69.44444444444444,22.22222222222222,0.0,0.0,0.0,0.0,0.0],[0.0,0.0,0.0,25.0,72.22222222222223,119.44444444444446,116.66666666666666,69.44444444444444,22.22222222222222,0.0,0.0,0.0,0.0,0.0,0.0],[0.0,0.0,25.0,72.22222222222223,119.44444444444446,116.66666666666666,69.44444444444444,22.22222222222222,0.0,0.0,0.0,0.0,0.0,0.0,0.0],[0.0,0.0,50.0,119.44444444444446,163.88888888888889,136.1111111111111,88.88888888888889,66.66666666666666,44.44444444444444,22.22222222222222,0.0,0.0,0.0,0.0,0.0],[0.0,0.0,75.0,141.66666666666666,186.1111111111111,155.55555555555554,133.33333333333331,133.33333333333331,88.88888888888889,44.44444444444444,0.0,0.0,0.0,0.0,0.0],[0.0,0.0,75.0,144.44444444444446,213.88888888888889,199.99999999999997,191.66666666666663,183.33333333333331,138.88888888888889,94.44444444444443,33.33333333333333,16.666666666666664,0.0,0.0,0.0],[0.0,0.0,50.0,97.22222222222223,144.44444444444446,133.33333333333331,124.99999999999999,116.66666666666666,94.44444444444443,72.22222222222221,33.33333333333333,16.666666666666664,0.0,0.0,0.0]]"
      ]
     },
     "metadata": {},
     "output_type": "display_data"
    }
   ],
   "source": [
    "finalConv kernel img = [[convolve kernel (get 3 img (j,i)) | j <- [0..(length img-length kernel)]] | i <- [0..(length img-length kernel)]]\n",
    "finalConv kernel img"
   ]
  },
  {
   "cell_type": "markdown",
   "id": "f01ca8f8-5282-4907-af62-ec38815396bd",
   "metadata": {},
   "source": [
    "### RGB Image"
   ]
  },
  {
   "cell_type": "code",
   "execution_count": 5,
   "id": "61b7fa43-9b2e-496a-9776-ce9fd6c93c77",
   "metadata": {},
   "outputs": [],
   "source": [
    "imgRGB = [\n",
    " [[0,2,3],[3,0,2],[2,3,4],[3,0,2]],\n",
    " [[2,3,4],[2,3,4],[2,3,4],[3,0,2]],\n",
    " [[2,3,4],[2,3,4],[1,9,8],[3,0,2]],\n",
    " [[2,3,4],[2,3,4],[5,1,4],[3,3,3]]]"
   ]
  },
  {
   "cell_type": "code",
   "execution_count": 6,
   "id": "01a5c661-5934-4d7e-baef-4694f43241f1",
   "metadata": {},
   "outputs": [
    {
     "data": {
      "text/plain": [
       "[[[0,3,2,3],[2,2,2,3],[2,2,1,3],[2,2,5,3]],[[2,0,3,0],[3,3,3,0],[3,3,9,0],[3,3,1,3]],[[3,2,4,2],[4,4,4,2],[4,4,8,2],[4,4,4,3]]]"
      ]
     },
     "metadata": {},
     "output_type": "display_data"
    }
   ],
   "source": [
    "tensor = [[[e!!i|e <- x] |x <- imgRGB] |i <- [0..2]]\n",
    "tensor"
   ]
  },
  {
   "cell_type": "code",
   "execution_count": 7,
   "id": "9174afbd-95fc-40b9-acdd-b892ea8f34f4",
   "metadata": {},
   "outputs": [
    {
     "data": {
      "text/plain": [
       "[[[1.777777777777778,2.333333333333333],[2.2222222222222223,2.5555555555555554]],[[3.2222222222222223,2.333333333333333],[3.444444444444444,2.7777777777777777]],[[4.111111111111111,3.5555555555555554],[4.444444444444444,3.8888888888888884]]]"
      ]
     },
     "metadata": {},
     "output_type": "display_data"
    }
   ],
   "source": [
    "convolutedRGB = [finalConv kernel t | t <- tensor]\n",
    "convolutedRGB"
   ]
  },
  {
   "cell_type": "code",
   "execution_count": 8,
   "id": "6edfd3a6-0b16-4432-9777-6c967084a9ff",
   "metadata": {},
   "outputs": [
    {
     "data": {
      "text/plain": [
       "[[[1.777777777777778,3.2222222222222223,4.111111111111111],[2.333333333333333,2.333333333333333,3.5555555555555554]],[[2.2222222222222223,3.444444444444444,4.444444444444444],[2.5555555555555554,2.7777777777777777,3.8888888888888884]]]"
      ]
     },
     "metadata": {},
     "output_type": "display_data"
    }
   ],
   "source": [
    "{-- [\n",
    "    from:\n",
    "        [[1.777777777777778,2.333333333333333],[2.2222222222222223,2.5555555555555554]],\n",
    "        [[3.2222222222222223,2.333333333333333],[3.444444444444444,2.7777777777777777]],\n",
    "        [[4.111111111111111,3.5555555555555554],[4.444444444444444,3.8888888888888884]]\n",
    "    to:\n",
    "] --}\n",
    "\n",
    "tensorBack = [[[(x!!j)!!i |x <- convolutedRGB] |i <- [0..1]]| j <- [0..1]]\n",
    "tensorBack"
   ]
  },
  {
   "cell_type": "code",
   "execution_count": 9,
   "id": "2e043b05-38c3-495a-9a7c-fba1664f94c8",
   "metadata": {},
   "outputs": [
    {
     "data": {
      "text/plain": [
       "[1.777777777777778,3.2222222222222223,4.111111111111111,2.333333333333333,2.333333333333333,3.5555555555555554,2.2222222222222223,3.444444444444444,4.444444444444444,2.5555555555555554,2.7777777777777777,3.8888888888888884]"
      ]
     },
     "metadata": {},
     "output_type": "display_data"
    }
   ],
   "source": [
    "flatten tensor = concat [concat t | t <- tensor]\n",
    "flatten tensorBack"
   ]
  }
 ],
 "metadata": {
  "kernelspec": {
   "display_name": "Haskell",
   "language": "haskell",
   "name": "haskell"
  },
  "language_info": {
   "codemirror_mode": "ihaskell",
   "file_extension": ".hs",
   "mimetype": "text/x-haskell",
   "name": "haskell",
   "pygments_lexer": "Haskell",
   "version": "8.10.7"
  }
 },
 "nbformat": 4,
 "nbformat_minor": 5
}
